2130
804
1110
805
97
2116
2120
768
765
1821
789
1839
117
794
1127
1823
1817
1347
64
1843
1121
796
782
107
1660
1343
2040
741
101
66
745
2068
2373
2365
744
95
756
105
109
2368
93
2391
162
120
96
133
296
115
314
70
123
294
65
224
2376
758
140
176
266
137
127
184
242
256
236
202
286
166
1134
2127
762
2119
2109
786
2070
763
2050
2048
1317
1325
1326
1321
2367
806
91
1322
1125
1113
142
2061
793
785
1128
1188
1186
1820
82
2366
69
1840
2043
802
755
2123
67
1204
743
2062
2387
781
1346
143
1131
99
72
136
248
144
78
2451
306
73
116
308
757
2452
218
86
130
180
154
208
260
310
146
186
2131
103
2369
1816
788
767
2372
2053
135
75
113
1329
766
2124
807
2049
1185
2054
1318
1126
98
68
1132
74
114
100
84
2065
2386
787
754
740
1342
747
132
1124
750
131
2364
742
2211
2115
94
141
85
122
214
83
284
2046
238
2106
79
206
152
128
76
232
282
230
88
280
220
252
196
172
204
274
2363
2057
2108
797
798
2107
1120
1846
2066
134
1661
2128
1662
2047
1116
2212
790
795
761
1187
1847
102
1133
63
2
1330
764
104
753
106
2377
71
2055
1659
746
1822
751
228
2390
1119
194
112
110
125
290
126
77
138
81
164
89
92
254
108
210
129
234
216
222
119
212
188
262
264
250
300
246
